28
Pele_DN16590_c0_g1_i14                               0.0000000 0.0000010 0.1815111 0.0821824 0.2811809 0.3047285 0.3269774 0.3260775 0.3260775 0.2514625 0.3026531 0.3026531 0.2610920 0.2610920 0.2752186 0.1259580 0.3234239 0.2442322 0.2381602 0.2381602 0.2982432 0.2428308 0.2454970 0.3297435 0.2684312 0.1776645 0.3218636 0.6276053 
Pele_DN16590_c0_g1_i33                               0.0000010 0.0000000 0.1815111 0.0821824 0.2811809 0.3047285 0.3269774 0.3260775 0.3260775 0.2514625 0.3026531 0.3026531 0.2610920 0.2610920 0.2752186 0.1259580 0.3234239 0.2442322 0.2381602 0.2381602 0.2982432 0.2428308 0.2454970 0.3297435 0.2684312 0.1776645 0.3218636 0.6276053 
Pele_DN16590_c0_g1_i51                               0.1815111 0.1815111 0.0000000 0.1149945 0.4585067 0.4512646 0.5099057 0.4615095 0.4615095 0.2914284 0.4732380 0.4732380 0.4116063 0.4116063 0.4316827 0.2606495 0.4182177 0.4427059 0.3815637 0.3815637 0.4861231 0.3966829 0.4596515 0.4717700 0.4925776 0.3266126 0.3465599 1.4316095 
Pele_NODE_72066_length_1692_cov_1732_276096_g2154_i4 0.0821824 0.0821824 0.1149945 0.0000000 0.4075308 0.4395673 0.4806566 0.4107199 0.4107199 0.2909111 0.4191384 0.4191384 0.3785133 0.3785133 0.3424778 0.1535686 0.4908132 0.3497281 0.3242934 0.3242934 0.3933119 0.3097501 0.3858640 0.3891804 0.3716730 0.3140506 0.3475829 0.8571473 
PBX1_HUMAN                                           0.2811809 0.2811809 0.4585067 0.4075308 0.0000000 0.1034702 0.1417735 0.3060334 0.3060334 0.2177876 0.3030475 0.3030475 0.2825516 0.2825516 0.2962399 0.1286544 0.3089277 0.2602526 0.2995871 0.2995871 0.3428825 0.3308551 0.2911125 0.3707057 0.3164399 0.3201315 0.3221092 1.0983580 
PBX3_HUMAN                                           0.3047285 0.3047285 0.4512646 0.4395673 0.1034702 0.0000000 0.1769518 0.3211002 0.3211002 0.2350175 0.3192559 0.3192559 0.2852916 0.2852916 0.2881006 0.1198899 0.2994037 0.2740345 0.3120138 0.3120138 0.3602699 0.3499305 0.2889127 0.3810116 0.3063070 0.3549730 0.3427507 1.1266783 
PBX2_HUMAN                                           0.3269774 0.3269774 0.5099057 0.4806566 0.1417735 0.1769518 0.0000000 0.3064733 0.3064733 0.2362284 0.3066208 0.3066208 0.2822904 0.2822904 0.2910186 0.1254246 0.2955131 0.2654545 0.3349316 0.3349316 0.3791129 0.3608782 0.3170174 0.3934673 0.3398507 0.3188494 0.3771259 1.2301384 
A0A7M7IGA9_APIME                                     0.3260775 0.3260775 0.4615095 0.4107199 0.3060334 0.3211002 0.3064733 0.0000000 0.0000010 0.0074362 0.2902377 0.2902377 0.2559426 0.2559426 0.2498860 0.0956489 0.3209001 0.2300295 0.3334538 0.3334538 0.4094704 0.3386245 0.2788107 0.3717570 0.2826391 0.2866132 0.3007602 1.1992059 
A0A7M7GKQ7_APIME                                     0.3260775 0.3260775 0.4615095 0.4107199 0.3060334 0.3211002 0.3064733 0.0000010 0.0000000 0.0074362 0.2902377 0.2902377 0.2559426 0.2559426 0.2498860 0.0956489 0.3209001 0.2300295 0.3334538 0.3334538 0.4094704 0.3386245 0.2788107 0.3717570 0.2826391 0.2866132 0.3007602 1.1992059 
A0A7M7IEI8_APIME                                     0.2514625 0.2514625 0.2914284 0.2909111 0.2177876 0.2350175 0.2362284 0.0074362 0.0074362 0.0000000 0.2039902 0.2039902 0.1924345 0.1924345 0.1924345 0.0956489 0.2312875 0.1649141 0.2387061 0.2387061 0.3074070 0.2387061 0.1930424 0.2518715 0.1930424 0.2187253 0.2431537 0.3587718 
A0A8W8KTZ7_CRAGI                                     0.3026531 0.3026531 0.4732380 0.4191384 0.3030475 0.3192559 0.3066208 0.2902377 0.2902377 0.2039902 0.0000000 0.0000010 0.0220539 0.0220539 0.0558767 0.0442069 0.2349942 0.1471949 0.2658661 0.2658661 0.3273714 0.2602289 0.2630292 0.3428111 0.2663425 0.2743772 0.3304098 0.6859927 
A0A8W8KTY2_CRAGI                                     0.3026531 0.3026531 0.4732380 0.4191384 0.3030475 0.3192559 0.3066208 0.2902377 0.2902377 0.2039902 0.0000010 0.0000000 0.0220539 0.0220539 0.0558767 0.0442069 0.2349942 0.1471949 0.2658661 0.2658661 0.3273714 0.2602289 0.2630292 0.3428111 0.2663425 0.2743772 0.3304098 0.6859927 
A0A8W8KWI1_CRAGI                                     0.2610920 0.2610920 0.4116063 0.3785133 0.2825516 0.2852916 0.2822904 0.2559426 0.2559426 0.1924345 0.0220539 0.0220539 0.0000000 0.0000010 0.0281984 0.0382795 0.2052464 0.1264430 0.2343112 0.2343112 0.2917299 0.2295461 0.2314525 0.3249623 0.2341713 0.2327820 0.2930342 0.7929460 
A0A8W8KTU2_CRAGI                                     0.2610920 0.2610920 0.4116063 0.3785133 0.2825516 0.2852916 0.2822904 0.2559426 0.2559426 0.1924345 0.0220539 0.0220539 0.0000010 0.0000000 0.0281984 0.0382795 0.2052464 0.1264430 0.2343112 0.2343112 0.2917299 0.2295461 0.2314525 0.3249623 0.2341713 0.2327820 0.2930342 0.7929460 
A0A8W8KTU7_CRAGI                                     0.2752186 0.2752186 0.4316827 0.3424778 0.2962399 0.2881006 0.2910186 0.2498860 0.2498860 0.1924345 0.0558767 0.0558767 0.0281984 0.0281984 0.0000000 0.0382795 0.2203815 0.1450206 0.2436077 0.2436077 0.3017364 0.2487114 0.2108976 0.3019584 0.2032684 0.2438759 0.2741164 0.9678987 
V4BBQ6_LOTGI                                         0.1259580 0.1259580 0.2606495 0.1535686 0.1286544 0.1198899 0.1254246 0.0956489 0.0956489 0.0956489 0.0442069 0.0442069 0.0382795 0.0382795 0.0382795 0.0000000 0.0565208 0.0324198 0.1073856 0.1073856 0.1472896 0.1073856 0.0747248 0.1021865 0.0747248 0.0739658 0.1163250 0.3065826 
A0A2C9JIW2_BIOGL                                     0.3234239 0.3234239 0.4182177 0.4908132 0.3089277 0.2994037 0.2955131 0.3209001 0.3209001 0.2312875 0.2349942 0.2349942 0.2052464 0.2052464 0.2203815 0.0565208 0.0000000 0.1265890 0.2740981 0.2740981 0.3719480 0.2839026 0.2656077 0.3618943 0.2820023 0.2931904 0.3639194 0.6389926 
A0A2T7NMI4_POMCA                                     0.2442322 0.2442322 0.4427059 0.3497281 0.2602526 0.2740345 0.2654545 0.2300295 0.2300295 0.1649141 0.1471949 0.1471949 0.1264430 0.1264430 0.1450206 0.0324198 0.1265890 0.0000000 0.2262483 0.2262483 0.2737829 0.2340659 0.1724546 0.2340736 0.1841420 0.2266453 0.2704042 0.6216892 
A0A8J1XV20_OWEFU                                     0.2381602 0.2381602 0.3815637 0.3242934 0.2995871 0.3120138 0.3349316 0.3334538 0.3334538 0.2387061 0.2658661 0.2658661 0.2343112 0.2343112 0.2436077 0.1073856 0.2740981 0.2262483 0.0000000 0.0000010 0.0442908 0.0185460 0.2545411 0.3157476 0.2593242 0.2332549 0.3082508 0.7738426 
A0A8S4P2P7_OWEFU                                     0.2381602 0.2381602 0.3815637 0.3242934 0.2995871 0.3120138 0.3349316 0.3334538 0.3334538 0.2387061 0.2658661 0.2658661 0.2343112 0.2343112 0.2436077 0.1073856 0.2740981 0.2262483 0.0000010 0.0000000 0.0442908 0.0185460 0.2545411 0.3157476 0.2593242 0.2332549 0.3082508 0.7738426 
A0A8J1XTI5_OWEFU                                     0.2982432 0.2982432 0.4861231 0.3933119 0.3428825 0.3602699 0.3791129 0.4094704 0.4094704 0.3074070 0.3273714 0.3273714 0.2917299 0.2917299 0.3017364 0.1472896 0.3719480 0.2737829 0.0442908 0.0442908 0.0000000 0.0674552 0.3112490 0.3764727 0.3170681 0.2847814 0.3637383 1.4121361 
A0A8S4P2I1_OWEFU                                     0.2428308 0.2428308 0.3966829 0.3097501 0.3308551 0.3499305 0.3608782 0.3386245 0.3386245 0.2387061 0.2602289 0.2602289 0.2295461 0.2295461 0.2487114 0.1073856 0.2839026 0.2340659 0.0185460 0.0185460 0.0674552 0.0000000 0.2551021 0.3195555 0.2697072 0.2298326 0.2990172 0.9844996 
Pdum_NODE_4387_length_6186_cov_1215_243111_g281_i2   0.2454970 0.2454970 0.4596515 0.3858640 0.2911125 0.2889127 0.3170174 0.2788107 0.2788107 0.1930424 0.2630292 0.2630292 0.2314525 0.2314525 0.2108976 0.0747248 0.2656077 0.1724546 0.2545411 0.2545411 0.3112490 0.2551021 0.0000000 0.0543426 0.0279672 0.1660022 0.2432072 0.8698654 
Pdum_NODE_4289_length_6222_cov_1206_942616_g281_i1   0.3297435 0.3297435 0.4717700 0.3891804 0.3707057 0.3810116 0.3934673 0.3717570 0.3717570 0.2518715 0.3428111 0.3428111 0.3249623 0.3249623 0.3019584 0.1021865 0.3618943 0.2340736 0.3157476 0.3157476 0.3764727 0.3195555 0.0543426 0.0000000 0.0940659 0.2476722 0.2816598 0.8153093 
Pdum_NODE_626_length_9974_cov_732_378994_g281_i0     0.2684312 0.2684312 0.4925776 0.3716730 0.3164399 0.3063070 0.3398507 0.2826391 0.2826391 0.1930424 0.2663425 0.2663425 0.2341713 0.2341713 0.2032684 0.0747248 0.2820023 0.1841420 0.2593242 0.2593242 0.3170681 0.2697072 0.0279672 0.0940659 0.0000000 0.1738379 0.2411273 1.1140625 
R7T8B4_CAPTE                                         0.1776645 0.1776645 0.3266126 0.3140506 0.3201315 0.3549730 0.3188494 0.2866132 0.2866132 0.2187253 0.2743772 0.2743772 0.2327820 0.2327820 0.2438759 0.0739658 0.2931904 0.2266453 0.2332549 0.2332549 0.2847814 0.2298326 0.1660022 0.2476722 0.1738379 0.0000000 0.2626317 1.0373584 
A0A7I8VZH0_9ANNE                                     0.3218636 0.3218636 0.3465599 0.3475829 0.3221092 0.3427507 0.3771259 0.3007602 0.3007602 0.2431537 0.3304098 0.3304098 0.2930342 0.2930342 0.2741164 0.1163250 0.3639194 0.2704042 0.3082508 0.3082508 0.3637383 0.2990172 0.2432072 0.2816598 0.2411273 0.2626317 0.0000000 1.2004180 
Pele_DN16590_c0_g1_i44                               0.6276053 0.6276053 1.4316095 0.8571473 1.0983580 1.1266783 1.2301384 1.1992059 1.1992059 0.3587718 0.6859927 0.6859927 0.7929460 0.7929460 0.9678987 0.3065826 0.6389926 0.6216892 0.7738426 0.7738426 1.4121361 0.9844996 0.8698654 0.8153093 1.1140625 1.0373584 1.2004180 0.0000000 
