40
Pele_DN16590_c0_g1_i14                               0.0000000 0.0000010 0.0000010 0.1762321 0.2218472 0.6377921 0.6995714 0.7536639 0.7938987 0.7843929 0.7731472 0.7538739 0.4315858 0.5668975 0.5668975 0.6622535 0.5111771 0.5109995 0.5705319 0.5672205 0.5507665 0.5672205 0.5624139 0.5097257 0.5585560 0.5536343 0.4761255 0.1466864 0.6781431 0.5669680 0.4487141 0.4571508 0.5129435 0.3706440 0.4518980 0.6250040 0.5902970 0.4536957 0.4863365 1.2972644 
Pele_DN16590_c0_g1_i33                               0.0000010 0.0000000 0.0000010 0.1762321 0.3162122 0.8694773 0.9217323 0.9653553 1.0664974 0.7804089 1.0662535 0.7538739 0.4315858 0.8145272 0.8145272 0.9178658 0.5111771 0.5109995 0.8144929 0.8102096 0.7913165 0.8102096 0.8084963 0.5097257 0.7907083 0.7253063 0.4761255 0.1466864 0.6943721 0.7369891 0.6529100 0.6632645 0.7296540 0.3706440 0.5315513 0.7163225 0.6910482 0.6301791 0.4863365 3.4073509 
Pele_DN16590_c0_g1_i22                               0.0000010 0.0000010 0.0000000 0.1762321 0.2218472 0.6377921 0.6995714 0.7536639 0.7938987 0.7843929 0.7731472 0.7538739 0.4315858 0.5668975 0.5668975 0.6622535 0.5111771 0.5109995 0.5705319 0.5672205 0.5507665 0.5672205 0.5624139 0.5097257 0.5585560 0.5536343 0.4761255 0.1466864 0.6781431 0.5669680 0.4487141 0.4571508 0.5129435 0.3706440 0.4518980 0.6250040 0.5902970 0.4536957 0.4863365 1.2972644 
Pele_DN16590_c0_g1_i51                               0.1762321 0.1762321 0.1762321 0.0000000 0.3630646 0.8275756 0.8020828 0.8055456 0.8882616 0.8712459 0.8514592 0.8191273 0.2716344 0.6048209 0.6048209 0.6952081 0.5210021 0.5207789 0.6103272 0.6051417 0.5802368 0.6051417 0.6034828 0.5174815 0.5922252 0.5901125 0.4627232 0.2492701 0.6404521 0.7468460 0.6244415 0.6244415 0.7329341 0.4802413 0.6728434 0.7456068 0.9744222 0.6193452 0.4244239 2.0518551 
Pele_NODE_72066_length_1692_cov_1732_276096_g2154_i4 0.2218472 0.3162122 0.2218472 0.3630646 0.0000000 1.1440938 1.2105895 1.3103955 1.2407760 1.1360789 1.3778545 1.1059207 0.4728725 1.1590894 1.1590894 1.2348528 0.7780627 0.7837165 1.1556494 1.1474650 1.1317941 1.1474650 1.1579929 0.7877121 1.0638438 1.0925499 0.5584515 0.1720100 1.3079992 1.0874647 0.8979334 0.9104132 0.9910967 0.4653456 0.9345330 0.9964027 0.9471049 0.9860934 0.5519925 3.2612641 
PBX1_HUMAN                                           0.6377921 0.8694773 0.6377921 0.8275756 1.1440938 0.0000000 0.1810885 0.3244353 1.1425099 0.8562962 1.3104758 0.8348349 0.3809968 0.9435959 0.9435959 0.9932836 0.5355449 0.5349841 0.9522186 0.9624286 0.9558933 0.9624286 0.9575793 0.5225511 0.7497770 0.7012417 0.4256377 0.1454443 0.7904203 0.7934788 0.8839154 0.8953683 0.9455598 0.4474137 0.6972665 0.8558662 0.8932200 0.9766660 0.5158973 3.7707564 
PBX3_HUMAN                                           0.6995714 0.9217323 0.6995714 0.8020828 1.2105895 0.1810885 0.0000000 0.3423592 1.1685693 0.8905501 1.3972859 0.8772917 0.4044772 0.9344838 0.9344838 1.0089924 0.5379934 0.5374498 0.9313611 0.9413822 0.9348011 0.9413822 0.9377285 0.5322607 0.7622054 0.7089894 0.4348015 0.1357740 0.8273024 0.8474960 0.9143280 0.9270505 0.9815161 0.4886208 0.7253215 0.9026636 0.8963201 1.0912868 0.5655489 3.8525081 
PBX2_HUMAN                                           0.7536639 0.9653553 0.7536639 0.8055456 1.3103955 0.3244353 0.3423592 0.0000000 1.2502021 0.8809647 1.3279106 0.8471540 0.4780528 1.0314108 1.0314108 1.0979533 0.6239683 0.5870693 1.0443922 1.0443922 1.0443922 1.0443922 1.0282905 0.5741341 0.8452606 0.7658596 0.5069459 0.1530619 0.8518049 0.8896321 1.0309083 1.0447881 1.0953810 0.5259846 0.7553755 0.8963420 0.8983492 1.0448074 0.6906100 3.4996003 
A0A7M7IGA9_APIME                                     0.7938987 1.0664974 0.7938987 0.8882616 1.2407760 1.1425099 1.1685693 1.2502021 0.0000000 0.0103887 0.0858566 0.0105684 0.0061719 0.8151982 0.8151982 0.8750913 0.4727483 0.4443248 0.7969065 0.7905831 0.7672792 0.7905831 0.8123185 0.4562657 0.6304076 0.5959111 0.3830702 0.1066555 0.8305283 0.7406328 0.9359579 0.9484620 1.0336129 0.4719622 0.6176089 0.7743883 0.8109180 0.8442122 0.4958421 4.7471099 
A0A7M7GKQ7_APIME                                     0.7843929 0.7804089 0.7843929 0.8712459 1.1360789 0.8562962 0.8905501 0.8809647 0.0103887 0.0000000 0.0105490 0.0106625 0.0061719 0.5606255 0.5606255 0.6150673 0.4727483 0.4443248 0.5499364 0.5450398 0.5261028 0.5450398 0.5582736 0.4562657 0.5211745 0.5336730 0.3830702 0.1066555 0.8381820 0.6421553 0.6788171 0.6891283 0.7608448 0.4719622 0.6039539 0.7598634 0.7624198 0.6964150 0.4958421 2.6567624 
A0A7M7MGB6_APIME                                     0.7731472 1.0662535 0.7731472 0.8514592 1.3778545 1.3104758 1.3972859 1.3279106 0.0858566 0.0105490 0.0000000 0.0104744 0.0061719 0.8713344 0.8713344 0.9305052 0.4727483 0.4443248 0.8518876 0.8455072 0.8219528 0.8455072 0.8684599 0.4562657 0.6834185 0.6547681 0.3830702 0.1066555 0.8721994 0.7742824 1.0277640 1.0407458 1.1289992 0.4719622 0.7112819 0.8822579 0.8981873 0.9858896 0.4958421 6.4268164 
A0A7M7GSJ1_APIME                                     0.7538739 0.7538739 0.7538739 0.8191273 1.1059207 0.8348349 0.8772917 0.8471540 0.0105684 0.0106625 0.0104744 0.0000000 0.0061719 0.5594171 0.5594171 0.6144246 0.4727483 0.4443248 0.5486478 0.5437071 0.5245880 0.5437071 0.5570425 0.4562657 0.5121733 0.5243702 0.3830702 0.1066555 0.8541696 0.6334214 0.6694204 0.6796854 0.7511869 0.4719622 0.6077944 0.7660372 0.7797292 0.7015603 0.4958421 2.7034249 
A0A7M7IEI8_APIME                                     0.4315858 0.4315858 0.4315858 0.2716344 0.4728725 0.3809968 0.4044772 0.4780528 0.0061719 0.0061719 0.0061719 0.0061719 0.0000000 0.2688089 0.2688089 0.2688089 0.2594135 0.2594135 0.2594135 0.2594135 0.2594135 0.2594135 0.2688089 0.2688089 0.2594135 0.2688089 0.2594135 0.1066555 0.3475148 0.2806788 0.2884484 0.2954786 0.3533181 0.2954786 0.2866935 0.3417689 0.2866935 0.3256227 0.3719467 0.3291057 
A0A8W8KTZ7_CRAGI                                     0.5668975 0.8145272 0.5668975 0.6048209 1.1590894 0.9435959 0.9344838 1.0314108 0.8151982 0.5606255 0.8713344 0.5594171 0.2688089 0.0000000 0.0000010 0.0000010 0.0276481 0.0254524 0.0354205 0.0318710 0.0210954 0.0295393 0.0119537 0.0059300 0.1114838 0.0816354 0.0796944 0.0409291 0.3639375 0.3945904 0.7559348 0.7669978 0.8291490 0.2904211 0.5323649 0.6089052 0.7064000 0.7307089 0.4767324 4.6254049 
A0A8W8KTY2_CRAGI                                     0.5668975 0.8145272 0.5668975 0.6048209 1.1590894 0.9435959 0.9344838 1.0314108 0.8151982 0.5606255 0.8713344 0.5594171 0.2688089 0.0000010 0.0000000 0.0000010 0.0299642 0.0276378 0.0381061 0.0317194 0.0210954 0.0317194 0.0128703 0.0058983 0.1218637 0.0811514 0.0791490 0.0499075 0.3639375 0.4059151 0.7559348 0.7966340 0.8291490 0.3083937 0.5444452 0.6215755 0.7213299 0.7477584 0.4767324 4.6254049 
K1RRF9_CRAGI                                         0.6622535 0.9178658 0.6622535 0.6952081 1.2348528 0.9932836 1.0089924 1.0979533 0.8750913 0.6150673 0.9305052 0.6144246 0.2688089 0.0000010 0.0000010 0.0000000 0.0271816 0.0250128 0.0348720 0.0293056 0.0208524 0.0273218 0.0135616 0.0058983 0.1093452 0.0850846 0.0791490 0.0499075 0.4201571 0.4636283 0.8867271 0.9311168 0.9662808 0.4087102 0.6050703 0.7708889 0.8826368 0.8558837 0.5357418 4.8666681 
A0A8W8KWI1_CRAGI                                     0.5111771 0.5111771 0.5111771 0.5210021 0.7780627 0.5355449 0.5379934 0.6239683 0.4727483 0.4727483 0.4727483 0.4727483 0.2594135 0.0276481 0.0299642 0.0271816 0.0000000 0.0053509 0.0274328 0.0237055 0.0087953 0.0217866 0.0433751 0.0276378 0.0221292 0.0477812 0.0505201 0.0444831 0.3157935 0.2571546 0.3760906 0.4039436 0.4310448 0.3137473 0.4283180 0.5291914 0.5481876 0.4310986 0.4617826 1.5589526 
A0A8W8KTU2_CRAGI                                     0.5109995 0.5109995 0.5109995 0.5207789 0.7837165 0.5349841 0.5374498 0.5870693 0.4443248 0.4443248 0.4443248 0.4443248 0.2594135 0.0254524 0.0276378 0.0250128 0.0053509 0.0000000 0.0053059 0.0057827 0.0000010 0.0053247 0.0254524 0.0210763 0.0053247 0.0276378 0.0505201 0.0444831 0.2837606 0.2282626 0.3606093 0.3880669 0.4152346 0.3137473 0.4117455 0.5115430 0.5304860 0.4045522 0.4617826 1.2772950 
A0A8W8KTV3_CRAGI                                     0.5705319 0.8144929 0.5705319 0.6103272 1.1556494 0.9522186 0.9313611 1.0443922 0.7969065 0.5499364 0.8518876 0.5486478 0.2594135 0.0354205 0.0381061 0.0348720 0.0274328 0.0053059 0.0000000 0.0128142 0.0000010 0.0119050 0.0301493 0.0273773 0.0845973 0.1078229 0.0505201 0.0444831 0.3703342 0.4093413 0.7418925 0.7818008 0.8137373 0.3137473 0.5264090 0.6370980 0.7313007 0.7336748 0.4617826 5.1178730 
A0A8W8KTZ2_CRAGI                                     0.5672205 0.8102096 0.5672205 0.6051417 1.1474650 0.9624286 0.9413822 1.0443922 0.7905831 0.5450398 0.8455072 0.5437071 0.2594135 0.0318710 0.0317194 0.0293056 0.0237055 0.0057827 0.0128142 0.0000000 0.0025149 0.0000010 0.0167381 0.0274836 0.0733317 0.0870092 0.0505201 0.0444831 0.3703342 0.3727266 0.7536481 0.7937522 0.8258036 0.3137473 0.5264515 0.6364455 0.7429871 0.7369522 0.4617826 5.0952932 
A0A8W8KZP0_CRAGI                                     0.5507665 0.7913165 0.5507665 0.5802368 1.1317941 0.9558933 0.9348011 1.0443922 0.7672792 0.5261028 0.8219528 0.5245880 0.2594135 0.0210954 0.0210954 0.0208524 0.0087953 0.0000010 0.0000010 0.0025149 0.0000000 0.0025149 0.0211976 0.0213926 0.0763645 0.0907704 0.0508509 0.0357988 0.3703342 0.3687964 0.7355365 0.7463225 0.8069399 0.2960670 0.5013867 0.6091119 0.7052944 0.6962118 0.4617826 4.7775110 
A0A8W8KWH2_CRAGI                                     0.5672205 0.8102096 0.5672205 0.6051417 1.1474650 0.9624286 0.9413822 1.0443922 0.7905831 0.5450398 0.8455072 0.5437071 0.2594135 0.0295393 0.0317194 0.0273218 0.0217866 0.0053247 0.0119050 0.0000010 0.0025149 0.0000000 0.0156254 0.0274836 0.0672446 0.0870092 0.0505201 0.0444831 0.3703342 0.3727266 0.7536481 0.7937522 0.8258036 0.3137473 0.5264515 0.6364455 0.7429871 0.7369522 0.4617826 5.0952932 
A0A8W8KZM6_CRAGI                                     0.5624139 0.8084963 0.5624139 0.6034828 1.1579929 0.9575793 0.9377285 1.0282905 0.8123185 0.5582736 0.8684599 0.5570425 0.2688089 0.0119537 0.0128703 0.0135616 0.0433751 0.0254524 0.0301493 0.0167381 0.0211976 0.0156254 0.0000000 0.0059157 0.0922844 0.0620754 0.0757099 0.0409291 0.3724101 0.3657720 0.7538910 0.7649177 0.8268749 0.2899066 0.5320472 0.6086225 0.7022345 0.7335834 0.4718847 4.4920736 
A0A8W8KWH7_CRAGI                                     0.5097257 0.5097257 0.5097257 0.5174815 0.7877121 0.5225511 0.5322607 0.5741341 0.4562657 0.4562657 0.4562657 0.4562657 0.2688089 0.0059300 0.0058983 0.0058983 0.0276378 0.0210763 0.0273773 0.0274836 0.0213926 0.0274836 0.0059157 0.0000000 0.0274836 0.0058847 0.0791490 0.0499075 0.2756290 0.2221892 0.3562943 0.3842345 0.4119778 0.3083937 0.4263640 0.4980160 0.5115888 0.4093079 0.4767324 1.0868897 
A0A8W8KZN5_CRAGI                                     0.5585560 0.7907083 0.5585560 0.5922252 1.0638438 0.7497770 0.7622054 0.8452606 0.6304076 0.5211745 0.6834185 0.5121733 0.2594135 0.1114838 0.1218637 0.1093452 0.0221292 0.0053247 0.0845973 0.0733317 0.0763645 0.0672446 0.0922844 0.0274836 0.0000000 0.0247669 0.0505201 0.0444831 0.3353783 0.3254859 0.5150245 0.5469992 0.5747818 0.3137473 0.4691191 0.5714039 0.6742707 0.5280252 0.4617826 3.2565238 
A0A8W8KVY4_CRAGI                                     0.5536343 0.7253063 0.5536343 0.5901125 1.0925499 0.7012417 0.7089894 0.7658596 0.5959111 0.5336730 0.6547681 0.5243702 0.2688089 0.0816354 0.0811514 0.0850846 0.0477812 0.0276378 0.1078229 0.0870092 0.0907704 0.0870092 0.0620754 0.0058847 0.0247669 0.0000000 0.0751937 0.0499075 0.3364315 0.3230422 0.4769885 0.5080256 0.5356705 0.3078152 0.4847146 0.5572800 0.6501102 0.4822916 0.4718847 2.4312952 
A0A8W8KTU7_CRAGI                                     0.4761255 0.4761255 0.4761255 0.4627232 0.5584515 0.4256377 0.4348015 0.5069459 0.3830702 0.3830702 0.3830702 0.3830702 0.2594135 0.0796944 0.0791490 0.0791490 0.0505201 0.0505201 0.0505201 0.0505201 0.0508509 0.0505201 0.0757099 0.0791490 0.0505201 0.0751937 0.0000000 0.0444831 0.3280889 0.2328310 0.3221621 0.3483754 0.3754417 0.2955621 0.3421597 0.4239711 0.3263175 0.3805666 0.4083213 0.9477058 
V4BBQ6_LOTGI                                         0.1466864 0.1466864 0.1466864 0.2492701 0.1720100 0.1454443 0.1357740 0.1530619 0.1066555 0.1066555 0.1066555 0.1066555 0.1066555 0.0409291 0.0499075 0.0499075 0.0444831 0.0444831 0.0444831 0.0444831 0.0357988 0.0444831 0.0409291 0.0499075 0.0444831 0.0499075 0.0444831 0.0000000 0.0564932 0.0434010 0.1019470 0.1168918 0.1371112 0.1168918 0.1025594 0.1285888 0.1025594 0.1113897 0.1353466 0.2848061 
A0A2C9JIW2_BIOGL                                     0.6781431 0.6943721 0.6781431 0.6404521 1.3079992 0.7904203 0.8273024 0.8518049 0.8305283 0.8381820 0.8721994 0.8541696 0.3475148 0.3639375 0.3639375 0.4201571 0.3157935 0.2837606 0.3703342 0.3703342 0.3703342 0.3703342 0.3724101 0.2756290 0.3353783 0.3364315 0.3280889 0.0564932 0.0000000 0.2464755 0.6282695 0.6415459 0.7353080 0.4656104 0.5238334 0.6725465 0.7889518 0.5933376 0.6319372 1.6193240 
A0A2T7NMI4_POMCA                                     0.5669680 0.7369891 0.5669680 0.7468460 1.0874647 0.7934788 0.8474960 0.8896321 0.7406328 0.6421553 0.7742824 0.6334214 0.2806788 0.3945904 0.4059151 0.4636283 0.2571546 0.2282626 0.4093413 0.3727266 0.3687964 0.3727266 0.3657720 0.2221892 0.3254859 0.3230422 0.2328310 0.0434010 0.2464755 0.0000000 0.5587689 0.5810648 0.6081927 0.3855090 0.4771861 0.6081654 0.6924700 0.5308104 0.4834214 2.4087990 
A0A8J1XV20_OWEFU                                     0.4487141 0.6529100 0.4487141 0.6244415 0.8979334 0.8839154 0.9143280 1.0309083 0.9359579 0.6788171 1.0277640 0.6694204 0.2884484 0.7559348 0.7559348 0.8867271 0.3760906 0.3606093 0.7418925 0.7536481 0.7355365 0.7536481 0.7538910 0.3562943 0.5150245 0.4769885 0.3221621 0.1019470 0.6282695 0.5587689 0.0000000 0.0000010 0.0285098 0.0329181 0.4982035 0.5879419 0.7310614 0.6365557 0.4761099 4.3469551 
A0A8S4P2P7_OWEFU                                     0.4571508 0.6632645 0.4571508 0.6244415 0.9104132 0.8953683 0.9270505 1.0447881 0.9484620 0.6891283 1.0407458 0.6796854 0.2954786 0.7669978 0.7966340 0.9311168 0.4039436 0.3880669 0.7818008 0.7937522 0.7463225 0.7937522 0.7649177 0.3842345 0.5469992 0.5080256 0.3483754 0.1168918 0.6415459 0.5810648 0.0000010 0.0000000 0.0285098 0.0321304 0.5280186 0.6205049 0.7723093 0.6864485 0.4849062 4.3469551 
A0A8J1XTI5_OWEFU                                     0.5129435 0.7296540 0.5129435 0.7329341 0.9910967 0.9455598 0.9815161 1.0953810 1.0336129 0.7608448 1.1289992 0.7511869 0.3533181 0.8291490 0.8291490 0.9662808 0.4310448 0.4152346 0.8137373 0.8258036 0.8069399 0.8258036 0.8268749 0.4119778 0.5747818 0.5356705 0.3754417 0.1371112 0.7353080 0.6081927 0.0285098 0.0285098 0.0000000 0.0752251 0.5508728 0.6450878 0.8036305 0.6928986 0.5293261 5.4560128 
A0A8S4P2I1_OWEFU                                     0.3706440 0.3706440 0.3706440 0.4802413 0.4653456 0.4474137 0.4886208 0.5259846 0.4719622 0.4719622 0.4719622 0.4719622 0.2954786 0.2904211 0.3083937 0.4087102 0.3137473 0.3137473 0.3137473 0.3137473 0.2960670 0.3137473 0.2899066 0.3083937 0.3137473 0.3078152 0.2955621 0.1168918 0.4656104 0.3855090 0.0329181 0.0321304 0.0752251 0.0000000 0.4070242 0.5025730 0.4540813 0.3734635 0.4441059 0.9045287 
Pdum_NODE_4387_length_6186_cov_1215_243111_g281_i2   0.4518980 0.5315513 0.4518980 0.6728434 0.9345330 0.6972665 0.7253215 0.7553755 0.6176089 0.6039539 0.7112819 0.6077944 0.2866935 0.5323649 0.5444452 0.6050703 0.4283180 0.4117455 0.5264090 0.5264515 0.5013867 0.5264515 0.5320472 0.4263640 0.4691191 0.4847146 0.3421597 0.1025594 0.5238334 0.4771861 0.4982035 0.5280186 0.5508728 0.4070242 0.0000000 0.0542392 0.2265651 0.4332626 0.4325731 2.7885628 
Pdum_NODE_4289_length_6222_cov_1206_942616_g281_i1   0.6250040 0.7163225 0.6250040 0.7456068 0.9964027 0.8558662 0.9026636 0.8963420 0.7743883 0.7598634 0.8822579 0.7660372 0.3417689 0.6089052 0.6215755 0.7708889 0.5291914 0.5115430 0.6370980 0.6364455 0.6091119 0.6364455 0.6086225 0.4980160 0.5714039 0.5572800 0.4239711 0.1285888 0.6725465 0.6081654 0.5879419 0.6205049 0.6450878 0.5025730 0.0542392 0.0000000 0.3670435 0.5517791 0.4633975 3.2275805 
Pdum_NODE_626_length_9974_cov_732_378994_g281_i0     0.5902970 0.6910482 0.5902970 0.9744222 0.9471049 0.8932200 0.8963201 0.8983492 0.8109180 0.7624198 0.8981873 0.7797292 0.2866935 0.7064000 0.7213299 0.8826368 0.5481876 0.5304860 0.7313007 0.7429871 0.7052944 0.7429871 0.7022345 0.5115888 0.6742707 0.6501102 0.3263175 0.1025594 0.7889518 0.6924700 0.7310614 0.7723093 0.8036305 0.4540813 0.2265651 0.3670435 0.0000000 0.6992189 0.3967270 4.3611034 
R7T8B4_CAPTE                                         0.4536957 0.6301791 0.4536957 0.6193452 0.9860934 0.9766660 1.0912868 1.0448074 0.8442122 0.6964150 0.9858896 0.7015603 0.3256227 0.7307089 0.7477584 0.8558837 0.4310986 0.4045522 0.7336748 0.7369522 0.6962118 0.7369522 0.7335834 0.4093079 0.5280252 0.4822916 0.3805666 0.1113897 0.5933376 0.5308104 0.6365557 0.6864485 0.6928986 0.3734635 0.4332626 0.5517791 0.6992189 0.0000000 0.4623145 5.0137194 
A0A7I8VZH0_9ANNE                                     0.4863365 0.4863365 0.4863365 0.4244239 0.5519925 0.5158973 0.5655489 0.6906100 0.4958421 0.4958421 0.4958421 0.4958421 0.3719467 0.4767324 0.4767324 0.5357418 0.4617826 0.4617826 0.4617826 0.4617826 0.4617826 0.4617826 0.4718847 0.4767324 0.4617826 0.4718847 0.4083213 0.1353466 0.6319372 0.4834214 0.4761099 0.4849062 0.5293261 0.4441059 0.4325731 0.4633975 0.3967270 0.4623145 0.0000000 1.0082538 
Pele_DN16590_c0_g1_i44                               1.2972644 3.4073509 1.2972644 2.0518551 3.2612641 3.7707564 3.8525081 3.4996003 4.7471099 2.6567624 6.4268164 2.7034249 0.3291057 4.6254049 4.6254049 4.8666681 1.5589526 1.2772950 5.1178730 5.0952932 4.7775110 5.0952932 4.4920736 1.0868897 3.2565238 2.4312952 0.9477058 0.2848061 1.6193240 2.4087990 4.3469551 4.3469551 5.4560128 0.9045287 2.7885628 3.2275805 4.3611034 5.0137194 1.0082538 0.0000000 
