31
A0A8J1XW66_OWEFU               0.0000000 0.0000010 0.0000010 0.0000010 2.0806982 1.4943576 0.6938395 0.6871759 0.6990878 1.1957646 0.8423239 0.9204185 1.0883477 1.2886333 1.5156137 1.8029671 0.5705448 1.2252384 3.6799309 2.6503072 2.2875050 2.6606515 2.6677874 2.5417795 3.6414357 3.6414357 2.3261122 3.4779826 2.9397091 3.1497923 2.2737612 
A0A8J1XXX6_OWEFU               0.0000010 0.0000000 0.0661740 0.0000010 2.3219207 1.4943576 0.6938395 0.6871759 0.6990878 1.1957646 0.8423239 0.9204185 1.0883477 1.2886333 1.5156137 1.8396266 0.5705448 1.2252384 3.7448673 2.6503072 2.2875050 2.6606515 2.6677874 2.5417795 3.7548754 3.7548754 2.3361564 3.4779826 2.9397091 3.1497923 2.2737612 
A0A8J1U7M4_OWEFU               0.0000010 0.0661740 0.0000000 0.0668333 2.5360851 1.4943576 0.6938395 0.6871759 0.6990878 1.1957646 0.8423239 0.9204185 1.0883477 1.2886333 1.5156137 1.8449261 0.5705448 1.2252384 3.7759595 2.6503072 2.2875050 2.6606515 2.6677874 2.5417795 3.7222052 3.7222052 2.3551529 3.4779826 2.9397091 3.1497923 2.2737612 
A0A2I6QBN3_OWEFU               0.0000010 0.0000010 0.0668333 0.0000000 2.3212468 1.4875648 0.6885626 0.6819178 0.6990878 1.1852682 0.8284316 0.9184302 1.0828314 1.2701236 1.5497772 1.8706351 0.5705448 1.2027228 3.7642659 2.6297118 2.2880237 2.6285919 2.6138175 2.4825106 3.7005120 3.7005120 2.3072815 3.4410016 2.8605167 3.1288707 2.2737612 
Pele_DN137_c0_g2_i1            2.0806982 2.3219207 2.5360851 2.3212468 0.0000000 0.0000010 1.8491581 1.8379093 2.0014117 1.9278824 1.0413330 1.1553724 2.1322456 1.1205799 1.3305085 1.7375973 0.7902994 2.0853907 3.3654538 2.9337635 2.2811082 2.8999053 3.0617485 2.5624817 4.2046325 4.2046325 3.1131882 3.4988566 3.2759444 3.4204673 2.2098681 
Pele_DN137_c0_g2_i7            1.4943576 1.4943576 1.4943576 1.4875648 0.0000010 0.0000000 1.2664847 1.2604341 1.2931544 1.4255631 1.0413330 1.1553724 1.4719128 1.1205799 1.3305085 1.3760633 0.7902994 1.3517006 2.8130237 2.3169963 1.8736470 2.3409887 2.5792235 2.5792235 3.4417222 3.4417222 2.5700054 2.8161854 2.6011291 2.5185037 2.2380701 
K1QCU1_CRAGI                   0.6938395 0.6938395 0.6938395 0.6885626 1.8491581 1.2664847 0.0000000 0.0088551 0.0836158 1.0422639 0.7023874 0.6424912 0.9066652 1.0286401 1.4001153 1.5573063 0.6006771 1.2379600 3.0584242 2.5715873 2.2031124 2.4133162 2.2624924 2.0360794 3.8920344 3.8920344 2.1693679 2.8961549 2.6816144 2.9815349 1.7705231 
A0A8W8I780_CRAGI               0.6871759 0.6871759 0.6871759 0.6819178 1.8379093 1.2604341 0.0088551 0.0000000 0.0710043 1.0591408 0.6970112 0.6356234 0.9018783 1.0409330 1.3859095 1.5622505 0.6063858 1.2320202 3.0493692 2.5547790 2.2339044 2.4302853 2.2431661 2.0160404 3.9858815 3.9858815 2.1619871 2.8877392 2.7223339 3.0003283 1.7615762 
A0A8W8I5P7_CRAGI               0.6990878 0.6990878 0.6990878 0.6990878 2.0014117 1.2931544 0.0836158 0.0710043 0.0000000 1.1688642 0.7401770 0.6996664 0.9822709 0.9007976 1.2170143 1.4573806 0.6063858 1.1835486 2.6735573 2.2458569 1.8057125 2.1984979 2.1373777 1.8814454 3.7598678 3.7598678 2.0137117 2.8168764 2.5254121 2.8541597 1.7102831 
Pdum_NODE_60345_length_2007_co 1.1957646 1.1957646 1.1957646 1.1852682 1.9278824 1.4255631 1.0422639 1.0591408 1.1688642 0.0000000 0.0000010 0.6415933 1.0609549 1.2507777 1.3508300 1.6053580 0.6431876 1.3060925 3.6855593 2.9712563 2.4451726 2.5698423 2.5273817 2.2294968 4.3812791 4.3812791 2.5380438 3.1330037 2.6408318 2.8162776 2.1594508 
Pdum_DN5666_c1_g1_i1           0.8423239 0.8423239 0.8423239 0.8284316 1.0413330 1.0413330 0.7023874 0.6970112 0.7401770 0.0000010 0.0000000 0.6081652 0.7095323 0.9217763 1.0250328 1.0250328 0.3724782 0.9347780 1.8651315 1.6986405 1.6323002 1.7753040 1.6691869 1.6691869 2.8924855 2.8924855 1.7333955 2.1579545 1.7559841 1.8081553 1.6114652 
A0A2C9K1D7_BIOGL               0.9204185 0.9204185 0.9204185 0.9184302 1.1553724 1.1553724 0.6424912 0.6356234 0.6996664 0.6415933 0.6081652 0.0000000 0.3737127 0.9779187 1.1247250 1.1247250 0.3228889 1.0180848 1.8502739 1.7709011 1.6205788 1.7578215 1.7041772 1.7041772 2.8734142 2.8734142 1.6791593 2.1515261 1.9189618 1.9299360 1.6296783 
A0A2T7NXW8_POMCA               1.0883477 1.0883477 1.0883477 1.0828314 2.1322456 1.4719128 0.9066652 0.9018783 0.9822709 1.0609549 0.7095323 0.3737127 0.0000000 1.1224917 1.3692347 1.8121781 0.5416246 1.3748245 3.1423308 2.8217668 2.1223506 2.7792521 2.5863753 2.2454282 3.7944404 3.7944404 2.5549874 3.1615879 2.8819577 3.0757519 1.9721339 
C4MK39_CAPTE                   1.2886333 1.2886333 1.2886333 1.2701236 1.1205799 1.1205799 1.0286401 1.0409330 0.9007976 1.2507777 0.9217763 0.9779187 1.1224917 0.0000000 0.8186953 0.8292079 0.4652890 0.9101353 2.0073083 1.7430354 1.4682971 1.7187374 1.9231135 1.9231135 2.6203665 2.6203665 1.4956646 2.1950951 1.5626875 1.7781948 1.5824533 
C4MK38_CAPTE                   1.5156137 1.5156137 1.5156137 1.5497772 1.3305085 1.3305085 1.4001153 1.3859095 1.2170143 1.3508300 1.0250328 1.1247250 1.3692347 0.8186953 0.0000000 0.0000010 0.4517532 1.0452928 1.9392579 1.8091472 1.6837657 2.0775587 2.5734448 2.5734448 3.4774081 3.4774081 2.2023461 2.6126970 2.2345842 2.2716661 2.2466631 
R7ULV8_CAPTE                   1.8029671 1.8396266 1.8449261 1.8706351 1.7375973 1.3760633 1.5573063 1.5622505 1.4573806 1.6053580 1.0250328 1.1247250 1.8121781 0.8292079 0.0000010 0.0000000 0.8210365 1.5344301 2.9336777 2.5472106 2.0069785 2.8057008 3.3547590 3.1022279 4.6017945 4.6017945 3.0104989 3.4340306 3.1717112 3.4724428 2.7530376 
V3ZFW3_LOTGI                   0.5705448 0.5705448 0.5705448 0.5705448 0.7902994 0.7902994 0.6006771 0.6063858 0.6063858 0.6431876 0.3724782 0.3228889 0.5416246 0.4652890 0.4517532 0.8210365 0.0000000 0.5182402 1.5190474 1.5428612 0.9885530 1.2020205 1.2850162 1.2850162 1.9999927 1.9999927 1.2685300 1.4961386 1.2310900 1.3996038 1.0377493 
NKX22_HUMAN                    1.2252384 1.2252384 1.2252384 1.2027228 2.0853907 1.3517006 1.2379600 1.2320202 1.1835486 1.3060925 0.9347780 1.0180848 1.3748245 0.9101353 1.0452928 1.5344301 0.5182402 0.0000000 2.9983082 2.1443878 1.7139040 2.0076659 2.0486243 1.6637637 2.7544163 2.7544163 1.9221208 2.4448587 2.0990307 2.5022560 1.4144489 
Pele_DN767_c1_g1_i19           3.6799309 3.7448673 3.7759595 3.7642659 3.3654538 2.8130237 3.0584242 3.0493692 2.6735573 3.6855593 1.8651315 1.8502739 3.1423308 2.0073083 1.9392579 2.9336777 1.5190474 2.9983082 0.0000000 1.9068165 1.9344492 3.2041272 3.2849291 2.7100020 4.1190153 4.1190153 3.3294546 3.8238204 2.9939156 3.6128762 2.3652104 
Pdum_DN31695_c0_g1_i14         2.6503072 2.6503072 2.6503072 2.6297118 2.9337635 2.3169963 2.5715873 2.5547790 2.2458569 2.9712563 1.6986405 1.7709011 2.8217668 1.7430354 1.8091472 2.5472106 1.5428612 2.1443878 1.9068165 0.0000000 1.0534771 2.8218894 2.8360023 2.4818922 4.9890863 4.9890863 2.5702234 3.4905463 2.5437823 2.8571136 2.2660575 
NKX25_HUMAN                    2.2875050 2.2875050 2.2875050 2.2880237 2.2811082 1.8736470 2.2031124 2.2339044 1.8057125 2.4451726 1.6323002 1.6205788 2.1223506 1.4682971 1.6837657 2.0069785 0.9885530 1.7139040 1.9344492 1.0534771 0.0000000 2.3805859 2.3692010 2.3485629 3.0295997 3.0295997 2.4280785 3.1902088 1.8628010 2.4726002 2.3297565 
Pdum_DN2241_c0_g1_i3           2.6606515 2.6606515 2.6606515 2.6285919 2.8999053 2.3409887 2.4133162 2.4302853 2.1984979 2.5698423 1.7753040 1.7578215 2.7792521 1.7187374 2.0775587 2.8057008 1.2020205 2.0076659 3.2041272 2.8218894 2.3805859 0.0000000 0.6646888 0.7077795 2.5368004 2.5368004 0.6301957 1.0204772 1.0757193 1.1177838 0.6401819 
K1R0H9_CRAGI                   2.6677874 2.6677874 2.6677874 2.6138175 3.0617485 2.5792235 2.2624924 2.2431661 2.1373777 2.5273817 1.6691869 1.7041772 2.5863753 1.9231135 2.5734448 3.3547590 1.2850162 2.0486243 3.2849291 2.8360023 2.3692010 0.6646888 0.0000000 0.0000010 2.7429493 2.7429493 0.7428774 1.2196315 1.3925639 1.4101289 0.8473932 
A0A8W8HU29_CRAGI               2.5417795 2.5417795 2.5417795 2.4825106 2.5624817 2.5792235 2.0360794 2.0160404 1.8814454 2.2294968 1.6691869 1.7041772 2.2454282 1.9231135 2.5734448 3.1022279 1.2850162 1.6637637 2.7100020 2.4818922 2.3485629 0.7077795 0.0000010 0.0000000 2.4930816 2.4930816 0.7898452 1.2071486 1.3749990 1.2822522 0.8529828 
Pele_NODE_16097_length_3877_co 3.6414357 3.7548754 3.7222052 3.7005120 4.2046325 3.4417222 3.8920344 3.9858815 3.7598678 4.3812791 2.8924855 2.8734142 3.7944404 2.6203665 3.4774081 4.6017945 1.9999927 2.7544163 4.1190153 4.9890863 3.0295997 2.5368004 2.7429493 2.4930816 0.0000000 0.0000010 2.9543746 3.3066212 2.6427892 2.9609749 2.6753322 
Pele_NODE_17608_length_3743_co 3.6414357 3.7548754 3.7222052 3.7005120 4.2046325 3.4417222 3.8920344 3.9858815 3.7598678 4.3812791 2.8924855 2.8734142 3.7944404 2.6203665 3.4774081 4.6017945 1.9999927 2.7544163 4.1190153 4.9890863 3.0295997 2.5368004 2.7429493 2.4930816 0.0000010 0.0000000 2.9543746 3.3066212 2.6427892 2.9609749 2.6753322 
A0A165US97_OWEFU               2.3261122 2.3361564 2.3551529 2.3072815 3.1131882 2.5700054 2.1693679 2.1619871 2.0137117 2.5380438 1.7333955 1.6791593 2.5549874 1.4956646 2.2023461 3.0104989 1.2685300 1.9221208 3.3294546 2.5702234 2.4280785 0.6301957 0.7428774 0.7898452 2.9543746 2.9543746 0.0000000 1.1544732 1.2805756 1.5145966 0.8657599 
A0A2C9KDR2_BIOGL               3.4779826 3.4779826 3.4779826 3.4410016 3.4988566 2.8161854 2.8961549 2.8877392 2.8168764 3.1330037 2.1579545 2.1515261 3.1615879 2.1950951 2.6126970 3.4340306 1.4961386 2.4448587 3.8238204 3.4905463 3.1902088 1.0204772 1.2196315 1.2071486 3.3066212 3.3066212 1.1544732 0.0000000 1.6329717 1.6994390 1.1817143 
NKX21_HUMAN                    2.9397091 2.9397091 2.9397091 2.8605167 3.2759444 2.6011291 2.6816144 2.7223339 2.5254121 2.6408318 1.7559841 1.9189618 2.8819577 1.5626875 2.2345842 3.1717112 1.2310900 2.0990307 2.9939156 2.5437823 1.8628010 1.0757193 1.3925639 1.3749990 2.6427892 2.6427892 1.2805756 1.6329717 0.0000000 1.6578094 1.3668140 
Pele_NODE_26154_length_3165_co 3.1497923 3.1497923 3.1497923 3.1288707 3.4204673 2.5185037 2.9815349 3.0003283 2.8541597 2.8162776 1.8081553 1.9299360 3.0757519 1.7781948 2.2716661 3.4724428 1.3996038 2.5022560 3.6128762 2.8571136 2.4726002 1.1177838 1.4101289 1.2822522 2.9609749 2.9609749 1.5145966 1.6994390 1.6578094 0.0000000 1.2161059 
A0A7I8VZ83_9ANNE               2.2737612 2.2737612 2.2737612 2.2737612 2.2098681 2.2380701 1.7705231 1.7615762 1.7102831 2.1594508 1.6114652 1.6296783 1.9721339 1.5824533 2.2466631 2.7530376 1.0377493 1.4144489 2.3652104 2.2660575 2.3297565 0.6401819 0.8473932 0.8529828 2.6753322 2.6753322 0.8657599 1.1817143 1.3668140 1.2161059 0.0000000 
