30
A0A8J1XW66_OWEFU               0.0000000 0.0000010 0.0000010 1.6856239 1.1486438 0.5648312 0.5699271 0.5406596 0.9141531 0.7405888 0.7790420 0.9545763 1.1440110 1.2628824 1.5120271 0.4284676 0.9734850 3.4871521 2.4722232 2.1302987 2.0725188 2.2055802 2.0998965 3.2161684 3.2161684 1.7959019 2.8480283 2.4920996 2.6404551 1.8655896 
A0A8J1XXX6_OWEFU               0.0000010 0.0000000 0.0000010 1.6856239 1.1486438 0.5648312 0.5699271 0.5406596 0.9141531 0.7405888 0.7790420 0.9545763 1.1440110 1.2628824 1.5120271 0.4284676 0.9734850 3.4871521 2.4722232 2.1302987 2.0725188 2.2055802 2.0998965 3.2161684 3.2161684 1.7959019 2.8480283 2.4920996 2.6404551 1.8655896 
A0A2I6QBN3_OWEFU               0.0000010 0.0000010 0.0000000 1.6783517 1.1372895 0.5568492 0.5620149 0.5406596 0.9003830 0.7230104 0.7758813 0.9458372 1.1198717 1.2961481 1.5441847 0.4284676 0.9459364 3.5140472 2.4414813 2.1257078 2.0333839 2.1410147 2.0293784 3.1432674 3.1432674 1.7628553 2.7990112 2.3975699 2.6099287 1.8655896 
Pele_DN137_c0_g2_i1            1.6856239 1.6856239 1.6783517 0.0000000 0.0000010 1.5395407 1.5241785 1.5878028 1.6288502 0.8718795 1.0321747 1.7463003 0.9912009 1.0994280 1.4629664 0.6842540 1.8748830 3.3029813 2.8188892 2.2661940 2.5011628 2.7610653 2.0756182 4.4382232 4.4382232 2.6866635 3.3534025 2.9840432 3.1568452 1.9425639 
Pele_DN137_c0_g2_i7            1.1486438 1.1486438 1.1372895 0.0000010 0.0000000 0.9672911 0.9606877 0.8976441 1.1235910 0.8718795 1.0321747 1.1348430 0.9912009 1.0994280 1.1607988 0.6842540 1.1232179 2.5848164 2.1256893 1.7673625 1.8621063 2.0756182 2.0756182 3.2521904 3.2521904 2.0362077 2.4720397 2.2694580 2.1505126 1.9425639 
K1QCU1_CRAGI                   0.5648312 0.5648312 0.5568492 1.5395407 0.9672911 0.0000000 0.0073621 0.0739719 0.7616360 0.6019280 0.5512082 0.7456766 0.9038027 1.2004454 1.3615042 0.4404317 0.9900812 2.7736781 2.3118548 2.0505627 1.9248919 1.8867887 1.7079438 3.5648131 3.5648131 1.7958600 2.4284366 2.3050510 2.5523987 1.5170038 
A0A8W8I780_CRAGI               0.5699271 0.5699271 0.5620149 1.5241785 0.9606877 0.0073621 0.0000000 0.0632720 0.7839946 0.6014912 0.5420475 0.7458639 0.9172676 1.1992969 1.3833609 0.4564082 0.9843499 2.8255903 2.2841090 2.0762235 1.9479702 1.8658158 1.6860809 3.5947429 3.5947429 1.7880759 2.4070385 2.3538299 2.5763565 1.5117131 
A0A8W8I5P7_CRAGI               0.5406596 0.5406596 0.5406596 1.5878028 0.8976441 0.0739719 0.0632720 0.0000000 0.8169122 0.5913264 0.5831086 0.7752304 0.7156082 0.9501873 1.2073583 0.4564082 0.8741197 2.3159462 1.8989307 1.5623405 1.6685009 1.6485590 1.4330005 3.1554970 3.1554970 1.5237584 2.1595447 2.0261994 2.2855097 1.3546709 
Pdum_NODE_60345_length_2007_co 0.9141531 0.9141531 0.9003830 1.6288502 1.1235910 0.7616360 0.7839946 0.8169122 0.0000000 0.0000010 0.5759311 0.9360341 1.0333869 1.0911913 1.3230559 0.6043336 1.1854842 3.2199304 2.5033431 2.1135344 2.0927902 2.0860345 1.8420404 3.9523640 3.9523640 2.0424345 2.7016751 2.2734863 2.7873310 1.8055715 
Pdum_DN5666_c1_g1_i1           0.7405888 0.7405888 0.7230104 0.8718795 0.8718795 0.6019280 0.6014912 0.5913264 0.0000010 0.0000000 0.5759311 0.6672806 0.8676103 0.9563131 0.9563131 0.3478078 0.8898502 1.8664868 1.7118713 1.7282728 1.6360723 1.6038829 1.6038829 2.8217595 2.8217595 1.6218012 2.1161751 1.6575050 1.8143435 1.5426675 
A0A2C9K1D7_BIOGL               0.7790420 0.7790420 0.7758813 1.0321747 1.0321747 0.5512082 0.5420475 0.5831086 0.5759311 0.5759311 0.0000000 0.3089477 0.8520469 1.0128955 1.0128955 0.2892551 0.9204688 1.8176580 1.7044343 1.6328739 1.7417130 1.5872955 1.5872955 3.0427332 3.0427332 1.5979381 2.1210115 1.7579594 1.8886076 1.6026822 
A0A2T7NXW8_POMCA               0.9545763 0.9545763 0.9458372 1.7463003 1.1348430 0.7456766 0.7458639 0.7752304 0.9360341 0.6672806 0.3089477 0.0000000 0.9950924 1.2684563 1.5929990 0.4430875 1.2009792 2.9646982 2.5505283 2.0546285 2.4694000 2.2982334 1.9765258 3.8212745 3.8212745 2.1732191 2.8647238 2.6853811 3.0134041 1.7305173 
C4MK39_CAPTE                   1.1440110 1.1440110 1.1198717 0.9912009 0.9912009 0.9038027 0.9172676 0.7156082 1.0333869 0.8676103 0.8520469 0.9950924 0.0000000 0.6748364 0.6869064 0.4228225 0.8329331 1.7992552 1.7650540 1.2919221 1.6023042 1.6374277 1.6374277 2.4718548 2.4718548 1.2209610 1.9536787 1.3925417 1.5858951 1.3410128 
C4MK38_CAPTE                   1.2628824 1.2628824 1.2961481 1.0994280 1.0994280 1.2004454 1.1992969 0.9501873 1.0911913 0.9563131 1.0128955 1.2684563 0.6748364 0.0000000 0.0000010 0.4330723 0.9504415 1.9102079 1.7429313 1.6271172 1.8749886 2.1890303 2.1890303 3.6156237 3.6156237 1.9047054 2.3087685 2.0163220 2.0529803 1.9533304 
R7ULV8_CAPTE                   1.5120271 1.5120271 1.5441847 1.4629664 1.1607988 1.3615042 1.3833609 1.2073583 1.3230559 0.9563131 1.0128955 1.5929990 0.6869064 0.0000010 0.0000000 0.6798802 1.2350361 2.9814292 2.2750876 1.8278284 2.3194654 2.6335883 2.3782967 4.3982893 4.3982893 2.3744414 2.8107468 2.5749365 3.0028820 2.1984406 
V3ZFW3_LOTGI                   0.4284676 0.4284676 0.4284676 0.6842540 0.6842540 0.4404317 0.4564082 0.4564082 0.6043336 0.3478078 0.2892551 0.4430875 0.4228225 0.4330723 0.6798802 0.0000000 0.4080210 1.3988976 1.3341478 0.9173485 0.9088477 1.0230960 1.0230960 1.8948584 1.8948584 0.9782441 1.2563873 1.0722306 1.1651972 0.8450428 
NKX22_HUMAN                    0.9734850 0.9734850 0.9459364 1.8748830 1.1232179 0.9900812 0.9843499 0.8741197 1.1854842 0.8898502 0.9204688 1.2009792 0.8329331 0.9504415 1.2350361 0.4080210 0.0000000 2.8320423 1.8898637 1.5566826 1.5925448 1.6907291 1.4196810 2.6363484 2.6363484 1.5635628 2.3233086 1.9032215 2.3147536 1.2117781 
Pele_DN767_c1_g1_i19           3.4871521 3.4871521 3.5140472 3.3029813 2.5848164 2.7736781 2.8255903 2.3159462 3.2199304 1.8664868 1.8176580 2.9646982 1.7992552 1.9102079 2.9814292 1.3988976 2.8320423 0.0000000 1.5505538 1.6925443 2.9331114 2.8880870 2.2275727 4.2626420 4.2626420 2.9941846 3.5598884 2.7104414 3.3547549 1.9033116 
Pdum_DN31695_c0_g1_i14         2.4722232 2.4722232 2.4414813 2.8188892 2.1256893 2.3118548 2.2841090 1.8989307 2.5033431 1.7118713 1.7044343 2.5505283 1.7650540 1.7429313 2.2750876 1.3341478 1.8898637 1.5505538 0.0000000 0.7535965 2.3378125 2.3199678 1.9556519 4.5204350 4.5204350 2.1379597 2.8758624 2.0585799 2.5362257 1.9274761 
NKX25_HUMAN                    2.1302987 2.1302987 2.1257078 2.2661940 1.7673625 2.0505627 2.0762235 1.5623405 2.1135344 1.7282728 1.6328739 2.0546285 1.2919221 1.6271172 1.8278284 0.9173485 1.5566826 1.6925443 0.7535965 0.0000000 1.9861362 2.0299091 1.9957440 3.0151578 3.0151578 2.0007741 2.8619905 1.6806695 2.2356869 2.0532987 
Pdum_DN2241_c0_g1_i3           2.0725188 2.0725188 2.0333839 2.5011628 1.8621063 1.9248919 1.9479702 1.6685009 2.0927902 1.6360723 1.7417130 2.4694000 1.6023042 1.8749886 2.3194654 0.9088477 1.5925448 2.9331114 2.3378125 1.9861362 0.0000000 0.5654598 0.6608153 2.0647581 2.0647581 0.5415498 0.9214985 0.9103946 1.1859364 0.5605941 
K1R0H9_CRAGI                   2.2055802 2.2055802 2.1410147 2.7610653 2.0756182 1.8867887 1.8658158 1.6485590 2.0860345 1.6038829 1.5872955 2.2982334 1.6374277 2.1890303 2.6335883 1.0230960 1.6907291 2.8880870 2.3199678 2.0299091 0.5654598 0.0000000 0.0000010 2.2536194 2.2536194 0.6826668 1.0523478 1.1886368 1.5247537 0.8007166 
A0A8W8HU29_CRAGI               2.0998965 2.0998965 2.0293784 2.0756182 2.0756182 1.7079438 1.6860809 1.4330005 1.8420404 1.6038829 1.5872955 1.9765258 1.6374277 2.1890303 2.3782967 1.0230960 1.4196810 2.2275727 1.9556519 1.9957440 0.6608153 0.0000010 0.0000000 2.0875276 2.0875276 0.8257126 1.0981704 1.2435357 1.4336352 0.8007166 
Pele_NODE_16097_length_3877_co 3.2161684 3.2161684 3.1432674 4.4382232 3.2521904 3.5648131 3.5947429 3.1554970 3.9523640 2.8217595 3.0427332 3.8212745 2.4718548 3.6156237 4.3982893 1.8948584 2.6363484 4.2626420 4.5204350 3.0151578 2.0647581 2.2536194 2.0875276 0.0000000 0.0000010 2.6271518 2.9679451 2.5943429 2.7882949 2.2751728 
Pele_NODE_17608_length_3743_co 3.2161684 3.2161684 3.1432674 4.4382232 3.2521904 3.5648131 3.5947429 3.1554970 3.9523640 2.8217595 3.0427332 3.8212745 2.4718548 3.6156237 4.3982893 1.8948584 2.6363484 4.2626420 4.5204350 3.0151578 2.0647581 2.2536194 2.0875276 0.0000010 0.0000000 2.6271518 2.9679451 2.5943429 2.7882949 2.2751728 
A0A165US97_OWEFU               1.7959019 1.7959019 1.7628553 2.6866635 2.0362077 1.7958600 1.7880759 1.5237584 2.0424345 1.6218012 1.5979381 2.1732191 1.2209610 1.9047054 2.3744414 0.9782441 1.5635628 2.9941846 2.1379597 2.0007741 0.5415498 0.6826668 0.8257126 2.6271518 2.6271518 0.0000000 1.0116311 1.0855551 1.5915887 0.8232213 
A0A2C9KDR2_BIOGL               2.8480283 2.8480283 2.7990112 3.3534025 2.4720397 2.4284366 2.4070385 2.1595447 2.7016751 2.1161751 2.1210115 2.8647238 1.9536787 2.3087685 2.8107468 1.2563873 2.3233086 3.5598884 2.8758624 2.8619905 0.9214985 1.0523478 1.0981704 2.9679451 2.9679451 1.0116311 0.0000000 1.2858444 1.6257512 1.1229660 
NKX21_HUMAN                    2.4920996 2.4920996 2.3975699 2.9840432 2.2694580 2.3050510 2.3538299 2.0261994 2.2734863 1.6575050 1.7579594 2.6853811 1.3925417 2.0163220 2.5749365 1.0722306 1.9032215 2.7104414 2.0585799 1.6806695 0.9103946 1.1886368 1.2435357 2.5943429 2.5943429 1.0855551 1.2858444 0.0000000 1.5884797 1.1288236 
Pele_NODE_26154_length_3165_co 2.6404551 2.6404551 2.6099287 3.1568452 2.1505126 2.5523987 2.5763565 2.2855097 2.7873310 1.8143435 1.8886076 3.0134041 1.5858951 2.0529803 3.0028820 1.1651972 2.3147536 3.3547549 2.5362257 2.2356869 1.1859364 1.5247537 1.4336352 2.7882949 2.7882949 1.5915887 1.6257512 1.5884797 0.0000000 1.2532069 
A0A7I8VZ83_9ANNE               1.8655896 1.8655896 1.8655896 1.9425639 1.9425639 1.5170038 1.5117131 1.3546709 1.8055715 1.5426675 1.6026822 1.7305173 1.3410128 1.9533304 2.1984406 0.8450428 1.2117781 1.9033116 1.9274761 2.0532987 0.5605941 0.8007166 0.8007166 2.2751728 2.2751728 0.8232213 1.1229660 1.1288236 1.2532069 0.0000000 
