
# The adjacency matrix, the number of edges between 2 species
# file	Apime_pep.fasta	Biogl_pep.fasta	Capte_pep.fasta	Cragi_pep.fasta	Dimgy_pep.fasta	Hsap_pep.fasta	Lotgi_pep.fasta	Owefu_pep.fasta	Pdum_amin_av.fasta	Pele_amin_av.fasta	Pomca_pep.fasta	
Apime_pep.fasta	0	14303	9327	22162	9094	12104	8845	16264	16830	13682	8978
Biogl_pep.fasta	14303	0	9735	25273	8487	9834	10373	15749	16372	14079	10423
Capte_pep.fasta	9327	9735	0	19059	7570	8154	9239	13660	15120	13484	7099
Cragi_pep.fasta	22162	25273	19059	0	15376	17689	20474	29640	31243	27073	18369
Dimgy_pep.fasta	9094	8487	7570	15376	0	7217	6773	11080	11936	10456	5807
Hsap_pep.fasta	12104	9834	8154	17689	7217	0	8007	12402	13457	11701	6763
Lotgi_pep.fasta	8845	10373	9239	20474	6773	8007	0	12533	12785	11402	7720
Owefu_pep.fasta	16264	15749	13660	29640	11080	12402	12533	0	22335	18770	11023
Pdum_amin_av.fasta	16830	16372	15120	31243	11936	13457	12785	22335	0	25761	11324
Pele_amin_av.fasta	13682	14079	13484	27073	10456	11701	11402	18770	25761	0	9979
Pomca_pep.fasta	8978	10423	7099	18369	5807	6763	7720	11023	11324	9979	0

# file	average number of edges
Apime_pep.fasta	11962.6363636364	
Biogl_pep.fasta	12238.9090909091	
Capte_pep.fasta	10222.4545454545	
Cragi_pep.fasta	20578	
Dimgy_pep.fasta	8526.90909090909	
Hsap_pep.fasta	9757.09090909091	
Lotgi_pep.fasta	9831.90909090909	
Owefu_pep.fasta	14859.6363636364	
Pdum_amin_av.fasta	16105.7272727273	
Pele_amin_av.fasta	14217	
Pomca_pep.fasta	8862.27272727273	

# The 2-path matrix, the number of paths between 2 species of length 2
# file	Apime_pep.fasta	Biogl_pep.fasta	Capte_pep.fasta	Cragi_pep.fasta	Dimgy_pep.fasta	Hsap_pep.fasta	Lotgi_pep.fasta	Owefu_pep.fasta	Pdum_amin_av.fasta	Pele_amin_av.fasta	Pomca_pep.fasta	
Apime_pep.fasta(0)	1905732863	1756748338	1535740564	2617486860	1256301854	1394183725	1491112936	2102949844	2269498473	2093119861	1331731600
Biogl_pep.fasta(1)	3513496676	2037336972	1581861454	2570280601	1311242884	1494730319	1517806946	2205522028	2376245890	2154635906	1357123843
Capte_pep.fasta(2)	3071481128	3163722908	1401584429	2275259764	1095952749	1253039993	1263311952	1839765655	1962866180	1777305779	1162079950
Cragi_pep.fasta(3)	5234973720	5140561202	4550519528	5386653166	1917713443	2176137577	2101458192	3073612987	3325704504	3061723574	1915348094
Dimgy_pep.fasta(4)	2512603708	2622485768	2191905498	3835426886	954698580	1041133498	1066522806	1541968903	1653151210	1497335721	969021766
Hsap_pep.fasta(5)	2788367450	2989460638	2506079986	4352275154	2082266996	1256351970	1208555268	1762475227	1884182425	1706598707	1103565733
Lotgi_pep.fasta(6)	2982225872	3035613892	2526623904	4202916384	2133045612	2417110536	1310498847	1799287286	1947716452	1752075105	1119394065
Owefu_pep.fasta(7)	4205899688	4411044056	3679531310	6147225974	3083937806	3524950454	3598574572	2983997644	2731884889	2520129379	1636797935
Pdum_amin_av.fasta(8)	4538996946	4752491780	3925732360	6651409008	3306302420	3768364850	3895432904	5463769778	3533760225	2470757156	1765274610
Pele_amin_av.fasta(9)	4186239722	4309271812	3554611558	6123447148	2994671442	3413197414	3504150210	5040258758	4941514312	2791950353	1589103835
Pomca_pep.fasta(10)	2663463200	2714247686	2324159900	3830696188	1938043532	2207131466	2238788130	3273595870	3530549220	3178207670	1065437139

# file	average number of 2-paths
Apime_pep.fasta(0)	3418498270.27273
Biogl_pep.fasta(1)	3517248490
Capte_pep.fasta(2)	2990541137.18182
Cragi_pep.fasta(3)	5041464032.54545
Dimgy_pep.fasta(4)	2514126204.36364
Hsap_pep.fasta(5)	2845959719.45455
Lotgi_pep.fasta(6)	2894998260.27273
Owefu_pep.fasta(7)	4128435082.72727
Pdum_amin_av.fasta(8)	4391665800.27273
Pele_amin_av.fasta(9)	4003410945.36364
Pomca_pep.fasta(10)	2633120000.09091
